  # IDIM   NP    NPT
       2   13     37
  # NUMBER OF ORBITS
      1    4    4
.66665311839643211054455351314129356825496869885466e-1
.57036879531335906530555418593719426475567339685442e-1
.22584007286790201741832426760869861551300452797046
.27047702881060108743914103577274134413798248477352e-1
.48742864529736623418520717890010949604023598224069
.32545777101062093628468549930837675952065856157647e-1
.12445782206399926096848024520893637389458021371897
.56371383179075311763956833513758059785341387416423e-1
.42915961254311072644475174230905171818351472080540
.38462103807067631477251300871569311389083211679125e-1
.64420476446827072428234740454533747393496142441232
.28452076401981823279239219389286825516094572085529
.39409653414347608264734757604600316508548552726831e-2
.16350780507591448266634181754125760152100430266514e-1
.32854248680859809430533039348599842443378366381009e-1
.17513402050919329935021150054457870522785344174918e-1
.84874177435433546753646177743638242788684309594056
.12452541585132823866305560524933311393697192108772
.91384388143710322520640619533632453196406946905980e-2
.28621475354434201538316224142355443864587469405707
.70884992296611492934531483792499823952304276009732