  # IDIM   NP    NPT
       2   20     79
  # NUMBER OF ORBITS
      1    8    9
.39993788997573682796794479935468419718656940071821e-2
.38049196326368879835986816521081634037841404134166e-2
.33214661470459201997270966412028495714319548984424e-1
.15494646021846831767875197181160982112984087061659e-1
.17107305294503095871108985931362417325021156952317
.70342069381511844242263137035317146731285897819538e-2
.49102873288315227291088585143029683195631578004900
.18327756024287446990958052720470711858329941547565e-1
.46651186450882760730598900310181532909292228925261
.13286347276867598957767559281348630941272361626515e-2
.98828346121804714279180468979663239193319386756394e-2
.30244990858376944077228173323378881757555114007977e-1
.24394447497064978049142692368993439117853548566535
.15501463166082703758507346295954162901754621485087e-1
.11281929816630953042391134016841882201010397354405
.30968127829858795969301832261010423234148765253067e-1
.37588647216014283326859999843171010639849918672793
.22085910844951371902473394317536457493336096635281e-2
.93189282698930057365174312067051300192905295204035
.47458687513117441771774053350506102919870009685840e-2
.72402681593866194893124262910675098361590455247937e-2
.71793410438754855076170066785422651158513071249424
.27060538308713947868491457711835119716183651880459
.25827266552948192717528440683193188243925846282653e-1
.35739825433495248077088490656239154900234206532451
.14296506031885728783611457113842267822769200481538
.14660964863620186443827918195827508365501907711550e-1
.74709514153752255494970291694949008750280263392035
.55113038273260938892192478159946590464132145938577e-1
.18579346881071932796373707907091191441294492822372e-1
.24888402535203336364541225529217400405363375720555
.63163592607508606552921398349560145878138874284216
.85430097944927317992693924222115328068126309938065e-2
.86390648591940093206705807844950436948376040452547
.40294623544508120790531773202677466802829948044498e-1
.50342527465695241596152760315375201456686532180896e-2
.83507697260391901946045904729844659849693405048763
.92819436195844609855050725955963856783960381789409e-2
.56124329032372247119615634919048025045735941272662e-2
.59076292557410846561094197579847417002261125636398
.40100320928594990974242832371954280964413612328031
.16941597931421778544847851013613675726846356131389e-1
.33776436305525653474084577075959031679440719549206
.52393822824160577222492362051207826921661047090629e-1