  # IDIM   NP    NPT
       2   11     28
  # NUMBER OF ORBITS
      1    5    2
.86784235987055060918942776419239761438896938604406e-1
.97471459068263653431171853080096933108232570115913e-2
.27514551623502151764373977597613807527895526246762e-1
.71250798212710548631360318699024128606323978074691e-1
.20895191453595782307562172741493234331017013820913
.17631043005339394014458334547683588791359889770321e-1
.49529960031756850937336350953071212498097489772476
.68260283603193564640873249685714521041764335043820e-1
.43870885427561953679644607657117764394170768287619
.38338846535282197357408242003586025314050977696672e-1
.99100091264282843177029242526843546599223402237948e-1
.40591381794585234854423897659319067170835396351417e-1
.67050445911747407116306219942608241274445299439182
.45502342901553881518881183659988144401910047208665e-1
.89971869092295533321436411487986607238538950826344e-2
.14588473505583368532384740907976880468795281320527
.84966450453487300409632569416823368524870577095735