  # IDIM   NP    NPT
       2   16     55
  # NUMBER OF ORBITS
      1    4    7
.46570109410173098934307807360159169321878434710576e-1
.48542540860219922437321973402715734510461132508135e-2
.24247548463607194569063988490418598830591977772067
.10215475970553808401372998713893596173204595114592e-2
.62883330624728897089456751328161974441618897347205e-2
.13958840531642914352148093848022701726123143723347e-1
.49221060853955518700037881442255866164275344321710
.30540763235821106340136558615850798204807115746383e-1
.18107805173735438345656997386628856355086825107722
.24251891203250289815201763364018313549196490449195e-1
.22798026477804197852285215169982136548967339187458
.69269317440268757655369421791930031764898458190154
.38468542834323010740124114816657099331699661637358e-1
.48388307019161461726987797787655654991703192600438
.18824972727342861546291972336985545735076850085204
.28196970472922083962091082890253231608993474788838e-1
.54059093480184733943109328504749656102554762939725
.37921154152835610291403668563426777251742065842231
.12776080127097548917389151694888171228125827678129e-1
.11195313165290273974749322223577494388371872270213
.71993541146850657994305198831759406683972434048056e-1
.13052056841732553631795290934994852362022814829664e-1
.66394920687014741301003391690875206887039555975456
.15572712194018957112187109080984710578748328215719e-1
.67977528809401143351681627217211892369726261197984e-2
.16117026002306335495277318858468193149741565813048e-1
.61156439009604092273828472730805795333740508728805e-1
.10173984679434851887768724179673397963027615929254e-1
.81414205017533430717866520054688441116415869193236
.15089339252307962065712312820402249565207271650100e-1