  # IDIM   NP    NPT
       2   15     49
  # NUMBER OF ORBITS
      1    4    6
.33281189260943703660506545809433504625949781584949e-1
.19138954734444880724737355868930827017089171949063e-1
.46202517282379605234039338523663582586780327999987
.14794169383088127072043383490344833587593088464090e-1
.61178825640249825925840432005293701997979156300530e-1
.45557411872264432627389905005800924898522883408697e-1
.39867181441299434868888764723356392860280577733384
.46595004732121249216586474303438137001351032633298e-1
.22224152506223596600394518523101186989852940404085
.11243313064969597651396307741002260190652592595177e-1
.16435264319688978480099467891341566467780167295133e-1
.42634500609774015842955907087925091327043100800187
.28659716404286698698342094390935748724779390177567e-2
.45919144120448331302347377095961270382575601464130e-2
.37266765909107377614755343631523646841145775731169e-1
.27755987885840367745512834453999073920659811455190e-1
.89909485084042278098886060014690449760022899813620e-1
.18014785050088762155582700505324058713492577453647
.14520563200294853063873817667154551616268769006629e-1
.69953322186207649500399148790352303634432128421048
.19029833402814783175010966499473027618876311481083e-1
.10255719183792685556625108163296224555327248176657e-1
.84322597666444527419786476947384123916359381922490
.14091833496887339504229140569534353885863048966847
.31435476453557197348961405566291369488010587923525e-1
.96688248521796405749269898574841100681384359723484e-1
.32821431734152902110976818088335813664575649733091