  # IDIM   NP    NPT
       2   18     67
  # NUMBER OF ORBITS
      1    6    8
.36355735301426666167994201488075660208032412988170e-1
.18949171506778866026092362251791380409343663294130e-1
.46180950640644923136871293779183706787863091697193
.16559159952003249168058055989630909691411866951699e-1
.91947742121643196735884394501681534558550929602087e-1
.36475089408943637034144647958647345215626638957900e-1
.24226470251427196220493923329713947560863861516646
.71293260197189706777641548054694955316725291131156e-2
.38830256088685594710220820299130895589910935806167e-1
.12046647633999710118426790653401934688995764481555e-1
.48758030157486956231318553270010322767173065224477
.33304470033390135285415510256624938718656023109743e-1
.39995562806757623168036612176980638826302159974677
.68401101196071814902277580383247876131766276708084e-2
.10819579379103329302978954322588342576725204275848
.13462016741444989214360105096288250282308614547667e-1
.50106608745797217038706356969410264778911451900953e-2
.23577218495819174065406344526940344668178967980840
.75892947985519849404514945383436125971205146037991
.25482175311824439471956383930257575709134749166517e-1
.54591877538619459980869402107592716639270427899584
.33349352944988075701452092571342908067648815991554
.23781910900152829951591697111587977283819457472934e-1
.12269675737192755341949911705742148109133654661171
.67095398519423451316115569776700109379955026688272
.13759616234942205237919523209184886694908916988431e-1
.77037237621467521322930995750584212274241702691998
.45804915859860781128592092505957739544538005165881e-1
.12229481269610897792180240974978711837248181608624e-2
.97236072896279566678179863005817276777168285847498
.27090910995162014225783360167140238900314869612983e-1
.45305345022570653992045544795647792020405882575642e-2
.60041895463425691476586296812040094731513621238043
.39568343433226970269721534053678839066406121498457
.17747489102020405116394962230845483672778385307354e-1
.63998809200471459491104629333818977616260298650578
.31975162452537734194457010425926447991033251812133