  # IDIM   NP    NPT
       2   10     25
  # NUMBER OF ORBITS
      1    2    3
.81743329146285966428118684984177612196107630795188e-1
.13352968813149566275572978399068653496804646722262e-1
.32055373216943512930984589336489738964267711277229e-1
.45957963604744728013787909632547816399817167380159e-1
.14216110105656438509216210319095832171974320578306
.34184648162959428628691584041342290258736448990928e-1
.36914678182781098691142083711526939010153424313602
.29619889488729767633836269426042800525808696463428e-1
.63904906396424045432898733762653321864439645659596e-1
.32181299528883542122509756098604871373400970760057
.14813288578382055049780676506825716937482285475610
.25297757707288384389042790682833217562495059832402e-1
.80793060092287906507994990288174410906843115848053
.28367665339938439250435755578130205593324003075980e-1