  # IDIM   NP    NPT
       2   19     73
  # NUMBER OF ORBITS
      1    6    9
.10318373507569304786047602110437638774010815187029e-1
.25315718173122825905076913213847975834560298549926e-1
.43139062740458141246237482938360586885719772126702
.88975811320356829771546854129229858644620436758037e-2
.49436843495341563957248229274609517090931104092491
.29300326798677866828153377031897236898288387179816e-1
.37925095097481522040242112364110649429061104363139
.28978174714424872131410315630576738241374487970879e-1
.24808581987616872741212083998037119824140429344235
.17674176840457820104831900133827506658304122857454e-2
.12089445684798375919241214888243348421380566035372e-1
.77715588034506895801517888201582688352994585535269e-2
.46342097704198789475682150596073302423644616169825e-1
.83839356492800424845414004812369980113313762745424e-2
.11236666147208792741855697930234441257836327563782e-1
.64612028148120056168437197652152441740602231080330
.71212496720911426005813794268236252055936826439306e-2
.77971670931741189514683860327793986198185591463883
.11723580753349142825815944113331401346389274897930e-1
.24675796848054456800095766253803294330755815077017e-1
.14002294202634891010734214604549167938802242621690
.56295803451853250058285451038957884640283722237155
.19352558277351178969402325878562221923207064575289e-1
.39497977875180499639565609878785328418615569268699
.58155716354699948845273024904597627695980051103828e-1
.17401575966804936379348113658671562780297970543618e-1
.59048066225936700807122093363649068717020166782260e-1
.68879025305029053649006727774559375307070304663375
.53643692820685537466958875062170080505082308822752e-2
.11045339344718306079922344714413343377253847651116
.87561028481878493069582628316905093111053258030311
.15574010542183210384201210215328188861959641213281e-1
.67699892364853338337453707428817765637930308709449
.13814250785378896545692196266777191222826588997119
.14629192869518211721712948723653448961866357324000e-1
.80172709136270883275238012242918057945655196358419
.13241884904211616700691773377373401460660658671852
.14288599885078563995312324425710672422371814936927e-2
.52919728608902758395657163622564982880115974996091e-1
.94361018207055265158923332217157178260647783574393