  # IDIM   NP    NPT
       2   14     42
  # NUMBER OF ORBITS
      0    6    4
.51774104507291586314784910166396402415543670221702e-1
.27347752830883865975494428326269855619539614998766
.21883581369428890640844945963325971533059940952580e-1
.48896391036217863867737602045239023579296797282555
.49234036024000816818260235090421547654946232999896e-2
.19390961248701048178250095054529511074192030138550e-1
.14433699669776667601709921480653316614220325924626e-1
.61799883090872601267478828436935788383450817595771e-1
.32788353544125350641310978738625343236193554558207e-1
.41764471934045392250944082218564343910952642644189
.42162588736993017538230437324186129845584069169011e-1
.17720553241254343695661069046505907608331093023993
.38571510787060683228489027810410859234436305500223e-1
.33686145979634500174405519708892538906087897184544
.92916249356971824758248589548720351299587787354202e-1
.50102288385006717698600930824891164626520036706591e-2
.12683309328720250872464010954926926730621807204984e-2
.11897449769695684539818196192990548132277553685172
.24665753212563673962875245183636228317834531597812e-1
.77060855477499648258903327416742795632663433530210
.17226668782135557837528960161365733335682908683800
.14436308113533840496088691999015803446695733834915e-1
.29837288213625775297083151805961272858927320364845
.68698016780808783735862715402031305975764345499934