  # IDIM   NP    NPT
       2   12     33
  # NUMBER OF ORBITS
      0    5    3
.79316425099736384593147879058597344841566827922315e-2
.24646363436335594766731197214334578201882175145219e-1
.62541213195902760469323781445519839129857464597370e-1
.27146250701492608487799594802254509853491134224651
.24266838081452033150717972575608083898813255352167e-1
.48820375094554155177800812386881475692429522661932
.49918334928060942119051722060994300958143700722280e-1
.44011164865859311101345370307290819105293288004332
.28486052068877544999694473907515446250484081304278e-1
.10925782765935429058374731200430874530921284508271
.15083677576511438585850590462766912807053391766082e-1
.21382490256170589594154514820559212468640533099215e-1
.85133779251024004161800361043205844859670031411679
.21783585038607557932631436339291821863755937750534e-1
.29165567973834096053391381193394061718520361260272
.23034156355267139481641501928929132113912913160089e-1
.43227363659414210549133270916859229635129744765887e-1
.25545422863851734653135572748306966272846538582814
.62824975168355606683789613836722919837369167487824