  # IDIM   NP    NPT
       3   16    248
  # NUMBER OF ORBITS
      0    8    2   11    3
.61632459697115612699582068591418897435981053428892e-2
.32723739363499261024557718248196442886651781441887
.99315779997332315390244093122546439231072680909924e-2
.17000623973343093610248378229597125374864604288983
.56331420329249784301683133425330967644281631717549e-2
.11552459442755297427218213335504852512335616706550
.39078425736591229099721402266329404318942363226365e-3
.29144483078040139677859634570373922236370541276822e-1
.10055712246754091672368881140431113941013494048121e-1
.29933326480276025982121908113105094620536582813873
.31911718605560736803593735425532091533008690914495e-2
.30815634838142579248703538244061574679834230528682
.34243846880305837192837650513397857489353006750385e-3
.15009649860299478987195330315177096053943878007104e-1
.11900473540334922071100168014205645891350481132131e-1
.21537731894239917224650752582747311143083197570685
.80250384255185543886922838072087324716541043951919e-2
.43179434943465602787055903003759660143334744736267
.10571689630655321144926103059010276841559562931564e-1
.35174415112716407140582669088580062617788626179180
.46082052603266861469230819017134038413711720383717e-3
.82950311827085434944611387387012299933845542887542e-2
.10275200568805432718273272730549018895910775980824
.36673952924555993093303881780175141065584777762487e-2
.48021129006907479168399744023464204422076861486747e-1
.13125504181982787192427058732651227750715290533577
.13684315119078517594048598231247610958439137889655e-2
.15833080057836671826646745662196856486347267052552e-1
.73439618049769870522083411302152944100737524479546
.32457455024976112614954449119572160976761809934943e-2
.23386052197698295789881714614851262989963803927980
.52441747509119002008018343325609275261240843709797
.47563460555127064019960946389980661082259491573350e-2
.40314039938301902523856613626432728816909537873045
.16150773338713326656279570568634591693421614134873e-1
.16749272858603010334871151385098996002000198024684e-2
.46266418604410360595452144067954427530212201260907
.81060862641710145718991320599871165250673177313362e-2
.54488310769611241713146853844059584813422425847629e-2
.95474005856622596222960921914160458856854690059410e-1
.22972769632494996510465539044856086461316943954251
.31369549899182080149320825332599135207538359775354e-2
.52264435519465770660523454893117301662079729902301e-1
.26502371483543286146797584071962964217904126470943
.16209539899346199731594799468343376087144321604261e-2
.15457938048482282698217668822189073037002615984564e-1
.38959279727122502478405249261519689023509531830629
.11297101617550609772483335802968385404653949915098e-2
.65104984614610482311783555099335836910811947391066e-1
.10670384359099338216714040649253795174750902952393e-1
.54245308533951095136431023662901520149241857441575e-2
.15410389653133496021496690931380553359887576136017
.66171583436006730208210672927063040150511783285013
.33862681196765586750023113638270833500577660659279e-2
.30640166752150752292839928853674325812653451752978
.96051763047285434767160780872924432987028356115415e-1
.58273784973408242256890276157025520729005911138208
.90579939227231877018283485062649129475878812270305e-3
.75246551038399098015143171157691965300228893805840e-1
.74533830840930766431309045769514123887905076291386
.16892869320922032099566389186182530261271668323181e-3
.88233357881949182684074859332391955749789314597922e-2
.66785695402534139356186242657709508673029319477412e-1
.17742994661323794356844414886514102808785869239884
.46959607456606048492878707145693550453261971354192