  # IDIM   NP    NPT
       3    9     59
  # NUMBER OF ORBITS
      1    4    1    3    0
.56958729638396441306278408937950666823827686328204e-1
.65005253243696315493657224384774612557644618849520e-2
.40883540046426789636099861500296467939516865813885e-1
.24460962626050078042725377967862725764962867475899e-1
.16654280621950768130801605883195659074729157894512
.22091944128644164785340996496047333360285923639563e-2
.71175199841542168932524066396836467444753784312838e-1
.30107618366746890234545078324517095282534055010857e-1
.32208623066858594328350149233321835024125080245004
.37122464646800895719036078079728834863540188308540e-1
.10890067286575402391750987089689492647683074638759
.20793249323154230575867448819196069783270014172682e-1
.18334398953242561054496987747402183261108726489916
.34849490136462085413478712356516499416630756701934e-1
.10155948750528758007048832357528573504373256028386e-1
.33593537016305196537931532387504763573395094352370e-1
.21429826429222415398508655286464875347575803466503
.79835752230398546803190529117610451655043362054235e-2
.45974442155580925274500379162779207541708731971271
.11452334691481574798917013993065200658713481155909e-2