  # IDIM   NP    NPT
       3   14    175
  # NUMBER OF ORBITS
      1    6    1   10    1
.16777837373940824293088852072343970750100817995983e-1
.88150524535783986017352980402749131298472396783686e-3
.33332869601004881616504805308369587474649568355543
.97668946129895031716297027693834386818596068997290e-2
.20370097917913447566776091476330085280300315936891
.20509551197925505771843054011147301301079328454656e-2
.42311912048750342638767274292821087992769500509798e-1
.41216191949718047388395618043998443662300321751909e-3
.16691132152425994833837471221269148119959716856780e-1
.12275388555574545333204761821477027414204474322392e-1
.16442977955642541235811578038440960844465559906932
.17481192739588373781000365158522267409404568689902e-1
.30524313048078760065046011765480815132394368888629
.17180661892585396404413939043594594581372942244331e-1
.36428714787028492871241797015599611716349272630283
.11196282149592059970356880980740157688403482686051e-1
.21502435163866461354417560443287650080387060325564
.50937782242789015778260351456245793993688793836746
.82247832985520331336724067900418425249670873045666e-2
.40845355782453159598570130771945979097104980425694
.28029188480914583324555133605304942507864241750443e-1
.34760410921036104876973337705181220748549535799812e-2
.25992147933112560064139248477296508711742396436063e-1
.75892044367668146507832140182324389116946605368241
.18950280611356888577780888979008245696662140289220e-2
.14922811576707989228422107638149994643335000977842e-1
.61248348130889830906052168979961724874502594090145
.20254203424827760727759245301129377852125187318022e-2
.83792346269303541006844425619302223455059597516962e-1
.82267898156812537159310813500399066315842668752969
.44038106431013454773824754819440454213475131696104e-2
.26796690925186059418478736010730426904883963132364
.12145073329905032589643709685300333992838257192010e-1
.10436430027375670640223552115296835590493569211819e-1
.72261474327583592667480749092955943936713076040892e-1
.29382996868690439702531892753549259730511308268852
.33009396332230120321840460383070745381375267143803e-2
.46169035612246248778494010509778431731211055497421
.62431298824419168599876280538884583958297210088593e-1
.22489115574881677844410924097711865865623375587715e-3
.10255624784365160478096873226655972871855920352213e-4
.90965222036211622419153104202675201554386880837092
.75242267245675209966767830535775308800064924559737e-2
.13066719339703672360904956098447414873609113421177
.68876093086684981787628539985753333991870661338499
.31738150401981837969092424305512844766657162124521e-2
.49608226478318259400551092187840811631339132861287e-2
.11315353528882002585472512211865202081399644161402
.25533737910488914901920716353252603217147109557349