  # IDIM   NP    NPT
       3    7     35
  # NUMBER OF ORBITS
      1    1    1    2    0
.95485289464130848860578436117226381839289471517860e-1
.42329581209967029076286170798546737487622770429171e-1
.31570114977820279942342999959331148842603230725355
.31896927832857579934274824082942457097468598586641e-1
.50489822598396368763053822986562465975815276363096e-1
.81107708299033415661034334910965401570989763260426e-2
.21265472541483245988836101499819941074350377120882e-1
.81083024109854856111810537984823239379645542410978
.37207130728334621369615561191481120311685011611092e-1
.18883383102600104773643110385458575500509744332629
.57517163758700002348324157702230751966709080600107