  # IDIM   NP    NPT
       3   10     79
  # NUMBER OF ORBITS
      1    3    1    5    0
.45786901013738268667118832108132992838719611642068e-1
.51421790833279997918825275211773710177528522828619e-3
.97993118980315036123699963729730514011014760406900e-2
.25654520680719123845037634500127184798803172121630e-1
.31246931606242036028606081726752876292342196847041
.10833614987879444306304572758062553587283860717282e-1
.11304569037129537862611522805077244553817110855668
.11449576017437838957888508490058670349142016614923e-2
.23330108948971827873177458425174656518862660141857e-1
.13223792053464165041500258684660163251939954501861e-1
.17376149159975471988075564917053789506591250565070
.22670083409178368296908507246321973856884363869300e-1
.11913681683563074310218867795753794572849305755330e-1
.40952883358238418888206330522764121692135953836590
.14878414323952216895798993295846804242142919113587e-1
.25237552084463329402806910352217777780491228379597e-1
.12319477467628990806456683482762250591849851246676
.28126295205658465720495765581591099708161868286633
.10194436728932147009984155594922023484695089360310e-1
.34282654366872706176936979463992545528254414562580e-1
.32972529376798522054327719040126576091727429764678
.60416990385834138551586594688297328267199141795836e-2
.29759284389406158540713172089688508858246797565056e-1
.12671761210810975102017632369835011029185750813934