  # IDIM   NP    NPT
       3   11     98
  # NUMBER OF ORBITS
      0    5    1    4    1
.10849526828782344314497372651058146276598183703769e-1
.12118887170730267730102096467687763305915158614810
.95794908170052131024252464327931744997056935279870e-2
.32905124496372395373524202827816635957547650351796
.30604819015132536063705436622983401220440399827506e-2
.32206835215207938023195001151830597535963458807085e-1
.35325146287673553807342525011371723327084241396475e-1
.29334212357592344111434252247315501117606464171059
.25795220355417417594252445852738490266772169244802e-1
.16699584400764907151068428530713049156991173010066
.20285408429814501188904140989496214114459102872490e-1
.10144880277657054596910788207107804975005735709098
.84182860547297957597551970167991527070180214583023e-2
.37193263891429151066958320257984387761078881441438e-1
.65920500571009037128419136605652678427986328293996
.71089336975668477409255472575100903182915268008315e-3
.52707379997242569781314327191743357920230246083405e-3
.15392584885186964039489679476165072628153643027245
.75424655609631113238343908622624378721326086944955e-2
.11323815289386008510713916632762607079722347933916
.75304773176310214230135728705416263337185098863572
.33921058220937627789960862361896803063558097672250e-2
.47296408775551082468431631568114038118649521299874
.26101019451545754746429499992268157884478116849744e-3
.12461794790376066980286828063748160764016706672527e-1
.29869597400423085186473111658482183214654834280525e-1
.52212918047330892770082610046906118891236387221851
.28927394410587047188339581141121137794561002533128