  # IDIM   NP    NPT
       3   18    343
  # NUMBER OF ORBITS
      1    6    1   18    4
.90192312399580961238189327143705895540716090101573e-2
.77510220606255855244736957998903614309802901321692e-2
.14803128301954994287282770043681676339769058900719
.33909936007915262729720588987411842204360637187474e-2
.91842457729556233150248359257898900907800789457646e-1
.17798319677511831133777300858609444737376472116237e-3
.12173100684626882788580326319878375526336853172657e-1
.10081295998554103932969370481088471341761227197414e-1
.29628708624347918805590688459070418189843505708364
.34112965290073387917716293234305588751404774313139e-2
.32636094542022369944662895592474037995446033938695
.33305270731891845489156091859480204572167864922189e-2
.21678913732078065419914551223102899639341846367862
.55395460970094541914019568993925554767053817531531e-2
.40261419956834102585818688321875226908383079677204
.35354173612868884695863466807878994762928634909741e-2
.44000029460643090753354206418373193566293449762552
.26711525233081576190979644075218294228824666156659e-1
.13212098715778209619837063785558498275756341733913e-2
.41221036014614956262071874264892541401740847533756
.17470001875227335743579957055951290929392551231944
.71468440651060734335581692624604676649038588646476e-2
.37235127573465115317404188834848192062391024145241
.20103605355920247947459227742059719354752729460546
.29487917310915549817502769327830015575226668713086e-2
.26924225135892081400470719057028561185223862786307
.44986980711230571256193880783058714724042463197059
.57869177176085870111134602215966248841755143333074e-2
.97662700227786315800081444719202427798401938147145e-1
.52560817047076945619503056158469965617063750653937
.21032388040196709746538137998089632693990479915481e-3
.79536984069970397458837999040296311338654569251332e-2
.92105703710925056694461428858891404278906287955470
.13018464671010220280364517719356668910910714583129e-2
.18726749511226461939083607906806655918015479462693
.62265487640669418353563128796396513868087796212439
.14056974608182457325485670929710844095637122288094e-2
.11107267617230216333312645474136864978177219001376
.76806314039338615474175563933412664374978308412989
.29265190501734222030393005613722023624789307413470e-2
.72847924581969922457383210571977097375482235711331e-1
.64972294941611017134904344064206999452232184111358
.20526524735179055268610536420075593236045516626932e-2
.43524203081926428185470812085493092890884470564858e-1
.11764546763570572747812119597174643292857154112889
.92622232634586756931252916981769311807938878749538e-3
.47577386783897285455358385971167717476286470290419
.40780806337502737656465329136795728327209033431588e-1
.91850547303083373406246035475814630310412086882639e-3
.13449368420750264106226590741739649885081564137100e-1
.71047323075714152322362893859687249596744195941903
.44505753012107420347271984697075155822678534064783e-2
.15518812695370759952944076368626089771330616337401
.48006235399269303920860275945774654215554153132364e-1
.58211344335216377992634284830442221635562601408451e-3
.97963634618912658332360361440116260697321399779590e-2
.39893704719983500123630831274451242625135880383528
.74163750518978243894275401196114793627133068031912e-2
.22297255518097855774818971704214278651826745986770
.47649862292750903690145632698370499737556594117330
.32576121625007844825551695794305094787616755842156e-2
.42126028972488352500198672843506806305960365232042e-1
.57440071914725930275004989654046035344384364717969
.82565440746175785544234449970173987147694151678303e-3
.53340508976038350394068417676148468949363748382603e-1
.88064021127069701296136312165198801487267059912202
.83016244762159722043742058456990431426744232680211e-2
.16151695340229560682053924306764273539096969164457
.39782573480586680553073103668247669080974097983423
.42519606271507185306255770773598573591998572206758e-2
.14540757463287875597240551137694498868099035135145
.29116481309395886320934146259236827317370429354026
.24811393166556676659059486766487337787943301390982e-1
.44696989881185302632366452429100401626916875126034e-3
.30595072763392340983137894380952701569225177593813e-2
.82455533941096508898495305714360707428320798271060
.26856502880489222445122181423136477689715604611869e-1
.20926459923618965865851536042671981101907784314466e-2
.69792661475639426483816847180004463816455929526464
.21366102750720505692476788148381293611792111295499
.16660456512349352353715937601918651590493681523266e-1
.76643121891805465849738485078001105180174239754722e-3
.74411028647942805920222864797356021690979841133627e-1
.33052903157961597819259968363139745781183201353307
.59480230333022945999489673023586998558241149916443