  # IDIM   NP    NPT
       3    8     46
  # NUMBER OF ORBITS
      0    4    1    2    0
.39197853907120907932077889753301671014452882363775e-1
.31466448143491256495395790115426007204001402400690
.56410745987062303106508816714131279745498578785846e-2
.37644312692406137673602735409497320454362248953737e-1
.23326467137213876495060688611577750750919892517279e-1
.98293201200727858635104806799206485381934703831961e-1
.56214136062380451897623634269412188578856470079557e-1
.18387263767549690466658982686137812819863758001774
.35360185359109465394573147973987412225484809831349e-1
.62822020944522513894911049942910993750916393228242e-1
.16978939784932193932461824833119748274312796221098e-1
.20475975678011473335783011625766310797631541439901
.57843764638757135706428113764207176497723168699277
.72144569670392511584472364113182995066850979168286e-2
.21899225109968596721387397152829624142369446524046e-1
.23474626474617894010896663897165218122416758033556