  # IDIM   NP    NPT
       3   12    123
  # NUMBER OF ORBITS
      1    5    1    6    1
.23678539489645990961210893240318408099333741790741e-1
.23468640496193212257379394929599678245920124240422e-1
.29967832758489049043808090408481809501749062917605
.52781981078558965931957933315243427650325326771902e-2
.19285118751434931475086663217346349627843096444463
.13200086297745214239139888205428258507909040762131e-1
.10743120012495355085934212583362719147606800687696
.22327660048453400650281826559250005490676106917355e-2
.33317059398436881945152935833648490968286127041521
.81399208912602439532933896314286314035261105121407e-3
.18287420525605908117525011092435003111631271817883e-1
.20852197096039585579341819463346303318473567813591e-2
.46045565392150012364476045943171999513723157492594
.29265278820117626256208639476664765831105079082787e-2
.77078293462577998797858053704108848910215323103700e-1
.82971451747685673319112183332779114310382139595116
.16999872251876444226454164111763414188977874521356e-2
.14698637999005539694506479410463608045593037990740e-1
.81143246023634999894514363992410611866610181373708
.33235537131516610076533346711694568401992134359977e-2
.19471867692133358626326914926798286479183057295962e-1
.36078021870095523121966120483280095538559694425718
.20963473698571682490520556814625229219977668759316e-1
.12200093212893641028353205187878598377004198376185
.47770342872484931655777663270968603612457666365553
.11735615145459893787093050897732966283193682572352e-1
.24913956527089234508784207129049982193442763671264
.47516568007179683055428174052661940177078674133072
.95161761265754013544199716939941094400483029214357e-2
.42999614198898817246924741306679538646245678325796
.11730774354863390815493280396876951503336794806579
.75771418657571233014773037292840949854720201348391e-2
.98273715226158262095696169493506775578890550608165e-1
.22654426080006174749778977307148282522068492302725
.65268552799902191895922114108190008943192872190999