  # IDIM   NP    NPT
       3   17    284
  # NUMBER OF ORBITS
      0    8    2   14    3
.33670945928214774678188404986458318728648865537127e-2
.77031721755578637742483456175009680389106879556697e-1
.60413862311726854406813603255924468048268284399810e-3
.33317809893744104523594761501764324295238454502212
.22058830674905918598835494709432770268962062280192e-3
.47079105645527883346510911783875203883835867711738e-1
.99533987567491070295208057319093097928306043957263e-2
.30481801681353100299583438560860394044427266949008
.86453392152860504706718891419137139193318316369412e-2
.13094439150964083867190731586795508100691823143960
.54923727134742829718423139527005823408401093497504e-2
.19253539569191992712953474757934439924660418111532
.92941039250057643745956483505031483642851737955555e-2
.27665757744474598025721437250185104798638380956687
.20262738540290385190195948652503371482801080479203e-3
.12581239597518987257502357851465760033081158889512e-1
.36584214429442349048885488886251260935040074921874e-3
.37948002688195758753148230838287869547850775933548e-2
.59068569360490999711834064058453874378087122496326e-2
.66357447909103155617812173480716681034022784190775e-1
.10368285890809667740639543240161366578741396303734e-2
.15527407899105431078489208589517657481337364986032e-1
.16263200641690438148049581983068689404068227746851
.88283735251608840140291661984458865174828201812654e-2
.15082660663098464618652255264295943415694665532235
.28520336798552094174049423270480479213905514588894
.83583818128587042132405874281601431700952192076730e-2
.21545213425254679526982001950817318503109801072308
.49884858616622480875373015606601012007979955779577
.66172672775087040037294190579613517739951380818052e-2
.87609817704334373938784938300636163702586114957507e-1
.55766686825434572697892258603361174010406677566378
.46106754721884753375174747499283983194394797189634e-2
.27697014666518034191169452581292713370563333054628
.42735504924121173711446944262087035640516042971651
.17338158771143481663895211202787744459413575631564e-2
.78485400448345197506431917334818479514034288754370e-1
.82880843872193197995520347249076681495599313475936
.21844625270747122594260311403545641080315819301562e-2
.41603123675137060619236005873816078769622656783262
.58669225609380206689196808652611947939539420488809e-2
.22378781656223140517824864566839161396692872092727e-3
.31141857853661374820635829227252364967679677019226e-2
.28744686429151974917913469757307749946105165762097
.48018349636879385440079079141573230449618712116106e-2
.14800697348649209414888487552300925978028297399482
.32395255634410717801828746754063209568279797319887e-1
.62494129420188241896817296996251893055872677144656e-3
.14303335960547569544676243421491260063500418509819e-1
.67179973718676730933513052683348443658268682776455e-1
.19719716264952583881836148558990021458507398987848e-2
.46743260029973304242842412064657249585606869642904
.10665136344813884336094278013883251740733074387836e-1
.78377566461577006709852078509009168330144387553332e-2
.38438529213353994909765654312711632787453094080350
.17243876764185605262286912457423328778984598640283
.37942637170813513619194116770547949932032812708446e-2
.49193357512402101858534520261714048351538296212236e-1
.18888705220521814981404793645329867349666914467042
.16757444488698500203183366702197694603708442938217e-2
.21233922645352354082290777952517446222361743481295
.46622837003030524511710827733815998253850022774224e-2
.41362428303684916165135196387196770962583978305092e-2
.55690397859959763013810168900735396621212179891993
.30348620697390594363353252853940139304642638186982
.11876350118746525251330251811056094045876533744884
.90077331437232852980836624799922279374100819914813e-3
.77262675775700352188548045990205389104519951947090e-1
.72463001803468162649169379504465868927043128312159
.19800730618971058700241044212848987966553045694900
.16148123683841428832135301311249403594587121020026e-2
.39415189473304623057565421979106528287221536875619e-1
.13768620538473244502246421586418102415736678491124e-1
.32782157702626017198019262015491859836366837530689