  # IDIM   NP    NPT
       3   13    145
  # NUMBER OF ORBITS
      1    3    2    8    1
.29461552822865665871806192284272447040811200999713e-1
.74504544760821086365664720249208135085751869666188e-2
.32949081298946704208807751459728244622726148626350
.80946675600966517731590025096424819132049398756068e-2
.10235884139808723884419902061813832576322886520665
.11640526166193842887370912564392980403063491683557e-2
.22688856665503897392783723251565841583730787328383e-1
.38606474373426652499166209920236109779250074345828e-2
.47878466087726333347605108613214096596333157604636
.72683152579525816278424168684540567778417950566191e-2
.43111225356222409423382681220822711794256554988820
.16486599057752478258559680463298334325132709095288e-1
.35295927324132887659247387550124239437011456588303
.20108383668087374730867596131076285259956863067497
.68740537274434582405070504954518797326925691121191e-2
.42085044417312793979809400689784320718593202115037
.14044139899021702738984180902214220936159331231431
.11425231108044484405960994866969698619089049728409e-1
.74125640929568423702421499213043824305184985157534e-1
.59678303882069438490989514809799044183016922481544
.26604648906051845687616597736475353934322048553097e-2
.23080840706578334514053936478080094064040171025077e-1
.11661439421424052092853640393398344507483372200621
.50352598965152849228352070292296246016224332907020e-2
.11853208174029894288089383328952487302709067406446
.74325331047457752204503117403692914394386598645754
.93205586443157175818141903600096217552686316300403e-2
.14986017153346946798759294788005444209641173443909
.21997003173847004959450991912017710539830653884363
.24654187252767278649619551008651695991381076258271e-2
.19258906928675021221252067089399132594160790913867e-1
.68935981547564447982696810318907355102681979825206
.11273692838591466372576889534863853354378864565148e-1
.21893918593768253545505919302868684689509473039795
.30151386821852646869025030695269913965687045527887e-1
.21013594054846936448357410790342735002994683823591e-2
.62180002880406620003689001882225015537589336871885
.52742283321932045744226885068461189416595286255228e-3
.89864092500298422448587047493524940749838787719755e-1