  # IDIM   NP    NPT
       3   20    441
  # NUMBER OF ORBITS
      1    8    4   20    6
.70913491647642917886769568597255479303158389794236e-2
.58007612619967894200417408887863856293233587355532e-2
.14439844041848334290349743331228032155922548252504
.45629795694689279057832013405023833184293350008108e-4
.75853794473191374379023662102792130397471686915225e-2
.69354054430223699205071456190604786827011503891223e-2
.29281488092307285371638424621357511484164120726731
.41318165022276659404979769211961125238981648647007e-2
.32128335188292878962335763719620855064407635665716
.68059677969878413786757977068985923150369578617993e-2
.19912656154820975969779721326675530558744001008929
.29160977094297565491292295505158110366720632506500e-2
.99439584377709064996997508970403325898416530253462e-1
.19356650792768334809948015799607491121428761574421e-2
.56441105454216477772306515460845268858588022968462e-1
.34877939979388005164888361680679654760901757570348e-3
.22965595856857133527293485899652064955705564406849e-1
.65717546175409695459907770127252456448748176998547e-2
.17914131996998689522817506920285142655118339222997
.34439988536506136015103989379802504449904068284032e-2
.12830259120722228474207977306435320561782811032564
.11221543432015136432898623530907390709414829541123e-2
.14539026783149014117199297522175266511714126059391e-1
.42058310635675928085081000247027084311201665312641e-2
.42135312503404307600124462758747659360553943886842
.58564776640042192196207025385242312388500559385444e-2
.23100983867404534190278385570549262348248419661418
.44008907946885067916286114117293877052709914701234
.18321770449890776326695943747263537290795991915852e-3
.53496885030556923851062276821339115866156154305904e-2
.19384542300403683235714379750434370258462757268054
.53209176752654116548723512043623552853969360291904e-2
.12445006277663200474642504116256474752506568364225
.26804021399459175698406097704124389339230580866151
.11578188581689660459906073163905240918321839169452e-2
.20432581097069713647993967715706093751932494437664e-1
.25830811442687219609786751898708626157439648815396
.37192523225146909260814748319557491301748147507508e-3
.48282823182125159330112926897743730302861746761300e-1
.58039692657726687382004883088042692578418593412334e-2
.10996832193429280067305426383473095184312108046008e-2
.28914978732527056646376112273692213420834982333990
.41819866524422669786398978534034555677760847135159
.20026917141209827823620454657127897708403768314152e-2
.44605296174918002990803307093983663527842284107187e-1
.16343245108293380747396862913459816386072795234632
.58614172200266429641475408245529853675273580684452e-4
.27074669624477921182086756407275174885348348821124e-2
.94747344993422347246683071321772500701246048108638
.42969782006188277268263003421472569633216403014473e-2
.18159943453672240961950449063641054766828355381595
.56067925681612528356526157713810772247863420659405e-1
.40031900584867832622274507575650990321360631460636e-2
.79824184771631681468011785060028164376795152898244e-1
.22479722024143597611255924847044063134943488797065
.61267459511901031469094514295585867667895676250544e-3
.14675142430870070705477680395042791393853537189678e-1
.10599671678795413991555495632276673375488483925361
.99198693921535443506914035483493442867262804033961e-3
.14798848086785869742711082564768575616396893592421
.69838324961780472894721513354866313738472687074048
.22534323664368745843983740328139889627435055981060e-2
.45242188440445448010995319100993670619880410078422
.80453226333953469503831150040817791505497970656846e-1
.22222379754441571139846906791706169548139834232552e-3
.48298892543924249739172175998088831953179722166227e-2
.35640899537230354511146487897999465656865465255120
.25221308541242468271725615927369700079903025098986e-2
.39607510535486696561907110291116906177606087069157
.19364348926052457077895089279309780121228945870663
.19244247168861421074301206173782639589228403450224e-2
.21147319741601802989049542126580008282520891899990
.56648531977156888800776128178577127701399767192150
.32681988428652436633824140671247068246160857092989e-2
.25695346978150895561608611305603403479697899625360
.45491454697986662519251017654653146984862442382740
.52303482707382435851996957703908757224891571000487e-2
.36376244600750977202190755709209279740532261085233
.70770464468212666269819437660245930544249945873434e-1
.28003018017309276950645336367515847937081934964515e-2
.43408469356641339524615103024907461481046404506526e-1
.56182681848409119108850457069001197827669707820301
.24322469635360042867582207563800936986277922607555e-2
.12609684006381098669515518421045643370919705554848
.41582680318092022315863706287678730896056714139053e-1
.42258572671210504287693307871710012063850285854670e-2
.31983066543679204404485129519668800059729973086874
.43603233315528864300793413211539516556468807181604e-1
.50222449546675926176569690709782309682179438177688
.37320269321584064928264350408439418546396007117278e-3
.69310476529509261888627172860796319859198342797014e-3
.76158810443253047120481966432279925465474338826800
.48812793421994540744242096258858410700752253420907e-1
.66910051793366994391315415656395945202506282726508e-3
.30105950976582144045792796898712434559764528563252e-2
.46800152275456203554325800233549447248699527663382e-1
.59292330975452310044219408808469604099973154260788
.82767810596249650615681922381719339884071379408242e-3
.80504677073763761554265859879009775247406777609149
.11500808267626960249565049681258428488169802469802
.67144626292042176321382030888952007930638324768689e-1
.10536633427028384475413818602287237037781560448291e-2
.32783734476309873821411419709961812638367327410164
.14184545980581564084832628871037727381759645231712
.37398233296294168107194847698398720773316762878423e-2
.22609948167261691992025825517926136398308654648639e-2
.16943191811545381648516677265733905880437233216936e-1
.93065183689425931638814073796520911505243502378655e-1
.64614133182299170805433495839762555102830166751717