  # IDIM   NP    NPT
       3   19    383
  # NUMBER OF ORBITS
      1    7    3   18    5
.98049309670868021526852653959080707375959174134252e-2
.84215381824368632373736054611177744820657776446698e-2
.19932904751115017992668917164995854651081022247610
.45545502098574661421947575405782602143003580081272e-2
.31964581566220961383020355139582912676766296198098
.20390238573899577854608438025682310931158286311278e-3
.12843193871874511789683408439960351910941311289784e-1
.15865574240673554454109311455665400010168588543015e-2
.44898232230871528064631843074224952518803741218566e-1
.42171361870510865055916019471660178693840666263021e-2
.13695664248383256959752963787600215711569424551162
.81939118284221781726313960639476546046637874355417e-2
.29002314037998785535069324887411286589947959715634
.32998058505075215453778662706228355044329230584757e-2
.97472747185061222233463697385031155748590760745875e-1
.52586002022217983751696954806120783024113255900016e-2
.97150570653420677448829731776337726107970161996873e-1
.85675121741981488396512771574746261981517780197647e-2
.34320176615537384058067648217177952394502043929281
.12846279560811647549142971250409788931951920056814e-2
.48104868252918630712002581657273360790891896036404
.45997447283914230602943535626846260533560753617196e-2
.16518363318514264880280914967891268211958996759606
.62034327194831309722983517023032693150563493465610
.35020186964420291419307044918596872388869456218371e-3
.63407623048000783243173882856084403932108794305751e-1
.10071205652678809487794911275764050150364657015835e-5
.12910752798268492085592392943932918042217645210237e-3
.11435822422406877123590579187063952011269387660273e-2
.40086372747118975364415753062365763112441897575515
.12699614590430756805087276658683532296102020239413e-2
.17284189884430469388892494099563399929929050564095e-1
.28097435396412592565052714417034921177438468933455
.52529133195915129270633245272225295292099689216585e-2
.37206411060305443533105572816841808306816627503311
.19970562994281581149729774928701447881937641736492
.14512558712898577491048836926363437802664981416544e-2
.52024273638485190586587655241246589711042422078813e-1
.13753199816452695257679868747672663552017740456074
.14485318985084605185941801969016031179968654798742e-2
.16039193898863044139598265521417589169920799644166
.69385626882865883705426020898614695507160677441378e-2
.12384878085685695171297415964254585529920703958413e-3
.20400931178817010259633117757522670057738079584372e-2
.18561203372036149679127598506700528717369444701105
.35563270551976147249610457485603700247198693869202e-2
.52714853504393086919032700172199231301358374513255e-1
.36627598476530519557950915317847319770669721059791
.35268313273888158825870103787356363709730412748665e-2
.24371673604321372590933851353339800273866629589676
.49230272612509453131066025226068229673496587495644
.68322331610229872789754155771946425980529697993679e-2
.23595375053525190947438513560091647291058755470418
.43614799914030064249172255953015686757530156143074
.23026596413428479648067223510881619980882616792615e-2
.37639652509345503261580633285335292812004639568864
.23948756807409259517649387472894366443389091677123
.18803962485089507128624821145440064342560203518223e-2
.10134593465619599519099705242520864813771688819976
.77572400845090145712719765204810771743684751750892
.30016147117091456188274708141902368601500264147860e-3
.10397857648567822603555170461124553811323369098768e-1
.91587637124875570745345902877169546190589374470926
.30661505203923078681543490716168045615422478861115e-2
.43482590551219408612090848624395706008072722922993
.15474870367976756554740209252036020027611536924325e-1
.61097056139342308476273279264493650190365097560462e-2
.12101492705776169403448966818802090977991641000806
.51661129584113433566017253554439183847649364950343
.86303855024224652502356472277651712327452220336922e-3
.20222151951097478740911800550474297155145589484174e-1
.12484886141546156867236307766310868292712685265650
.33923709926255950156936851852138925247982658604733e-2
.64534975349756581414651040459558807930028277170704e-1
.65879742808235317615359368992861166633723199508981
.87889236156091174291386021304146348300100472070084e-3
.54175135656699219866356263134908367101676891677257e-1
.18413275356083362712873533807390010247910270247625
.75531466187447669181830787704861272982635394984095
.20134467663030249585416687574602503316863752717570e-2
.88166231674243496942353288519944359319053471147425e-1
.63426918194057872197819417764699711332433312646360
.17163019967962576135755900813310517990958767368849e-1
.41226352690185053975613565286965798551734654299786e-2
.29987632479948838434181330493125447856426286150216
.51201180546143694760038257079198090779553353555055
.13994575601762411325804013357767371464821428881362
.11727986167597842966826887219281717882330663886716e-2
.54303304854350820473431844030869475571251347162954
.39894149965978944013498253120922282386301806537245e-2
.29619742983124103087439565517971927365024673634315
.98538274968967466519945430779626654313425923316443e-3
.56474880492698541178414939715777152090987273894377
.50423337557831727549404297373622338520436348442579e-1
.53832804965737089196638847793473711031573679027118e-2