  # IDIM   NP    NPT
       3   15    209
  # NUMBER OF ORBITS
      1    4    2   11    2
.85069131614895677633529950440668754900369590387499e-2
.52682375685244536599949968032275045935911858615549e-2
.32831428110250636290821532715985881965340972694672
.38945780798525418346772702656273947842274966744988e-2
.59531518146013069599928357046883256539583515001436e-1
.15078900865199438698924636686311433984154866322571e-1
.17995329685668900737299355767874647221240977417365
.89706433566733432668611592073314826945818023717135e-2
.28746726739870629047136063641596012454723909356910
.95797581358718186118040534650386888096334279459155e-2
.16382042953926968383181778982196120247688849725710
.33366118943338584305542497956902759542478304481352e-2
.44969103728617459532528780381299990938594041694620
.44465885809546521092318881776035118262480140060636e-2
.40073654041362821300311986194704114709935308230357
.14408469358829058490485766668358946393754513522868e-1
.89347066141684576306785825235446740854590056387358e-2
.93091713010569639725829364902472675104441557453152e-1
.50038909976462572336710979586221732844388471797016
.67160244815953532680778969937973820575251154424169e-2
.85896971361030004940868309484960012701113834801943e-1
.65421664830490938226821333523749656838320061071767
.97619113551209992527113674436998055456072964129585e-2
.21055559243780962541060014170395932567306649223603
.61181997996639366759607162124376852698739047773197e-1
.10756149775763483218385568855272686160105108088467e-2
.85241825150708958242087724227255796274469496153851e-1
.95132261405533791150038853919613034972048736329869e-2
.41650204301303705025105833812945279885010664650936e-3
.33906276653053802431084912744492247193305385112117e-1
.10093901027119656441668078878392401061727223588446e-2
.95668455922095443326387095461750692933562014104434e-2
.36192317032290035537450575454184319620489052581092
.69474484813967567746484611702351086071153625236857e-1
.11159379397133420901389011145445741506337045443645e-2
.48278694307360233935516704463474413099905783607783
.29824887809337714409767042179857738965023048731055e-1
.14818490256968914601622486310563352232044365386389e-2
.16748276253215770744006609578811833461878395197810e-1
.82814312016957376599279736129583342287143103954498
.21898727167117454426536886284758332201456542053788e-2
.17791830363497966807032574899424758342381632113639e-1
.29505830631745237631135667180960489869112634700469
.35862530412188878736312728156538100765376525283880e-2
.22205221894433301462536809631246716966711910207313
.54733543197988669242196990679272502439920422748868
.36569207951520813160095721292826384835268856702946e-2
.70173793312902298996224749003168586459671940724219
.19046859040570727335200997564985201718591532863825
.90052757106214561201610817281993321775716859866242e-1
.42447521532031751071777145525121727238698521414828e-2
.93045615564733461579452788616229654660008573830250e-1
.33971419726082621057942430402686245541806781374657
.17562839615798423524757306810585955378326625947483e-1